precision    recall  f1-score   support

          01       0.00      0.00      0.00      2697
          02       0.42      0.91      0.57      2689
          07       0.00      0.00      0.00      2709
          08       0.36      0.94      0.52      2762
          09       0.33      0.79      0.47      2648
          10       0.04      0.20      0.07      2748
          12       0.03      0.09      0.05      2710
          13       0.04      0.22      0.07      3878
          14       0.00      0.00      0.00      2706
          15       0.00      0.00      0.00      2729
          16       0.00      0.00      0.00      2654
          17       0.00      0.00      0.00      2742
          20       0.00      0.00      0.00      2926
          21       0.00      0.00      0.00      2778
          22       0.06      0.01      0.02      2808
          23       0.00      0.00      0.00      2727
          24       0.00      0.00      0.00      2671
          25       0.00      0.00      0.00      2784
          26       0.04      0.03      0.03      2809
          27       0.00      0.00      0.00      2837
          28       0.00      0.00      0.00      2742
          29       0.00      0.00      0.00      2835
          30       0.00      0.00      0.00      2710
          31       0.00      0.00      0.00      2772
          32       0.00      0.00      0.00      2774
          33       0.00      0.00      0.00      2849
          34       0.03      0.17      0.05      2963
          35       0.00      0.00      0.00      2706
          36       0.00      0.00      0.00      2949
          37       0.00      0.00      0.00      2945
          38       0.04      0.12      0.06      3351
          39       0.00      0.00      0.00      2736
          40       0.08      0.32      0.13      2742
          41       0.74      0.97      0.84      2719
          42       0.00      0.00      0.00      2739
          44       0.05      0.26      0.08      2726
          45       0.21      0.14      0.17      2790
          46       0.11      0.29      0.15      2853
          47       0.00      0.00      0.00      2725
          48       0.00      0.00      0.00      2757
          49       0.00      0.00      0.00      2871
          50       0.00      0.00      0.00      3025
          51       0.00      0.00      0.00      2791
          52       0.00      0.00      0.00      2735
          53       0.00      0.00      0.00      2804
          54       0.00      0.00      0.00      2708
          55       0.00      0.00      0.00      2728
          56       0.00      0.00      0.00      2788
          57       0.00      0.00      0.00      2719
          58       0.00      0.00      0.00      2936
          59       0.00      0.00      0.00      2725
          60       0.06      0.34      0.10      3223
          61       0.10      0.40      0.16      3242
          62       0.04      0.00      0.00      3012
          63       0.03      0.02      0.03      2944
          64       0.07      0.16      0.10      2720
          65       0.00      0.00      0.00      2856
          67       0.00      0.00      0.00      2290
          70       0.05      0.06      0.05      2932
          72       0.07      0.09      0.08      2821
          73       0.00      0.00      0.00      1976
          75       0.00      0.00      0.00      2709
          76       0.22      0.58      0.32      2713
          78       0.00      0.00      0.00      2867
          79       0.00      0.00      0.00      2811
          80       0.00      0.00      0.00      2819
          81       0.32      0.54      0.40      2729
          82       0.03      0.02      0.02      2757
          83       0.10      0.11      0.11      2722
          87       0.00      0.00      0.00      2789
          99       0.58      0.99      0.73      2698

    accuracy                           0.12    198855
   macro avg       0.06      0.12      0.08    198855
weighted avg       0.06      0.12      0.08    198855

0.12403510095295567

