  precision    recall  f1-score   support

          01       0.00      0.00      0.00       135
          02       0.00      0.00      0.00        11
          07       0.00      0.00      0.00       128
          08       0.00      0.00      0.00        11
          09       0.00      0.00      0.00        15
          10       0.00      0.00      0.00       716
          12       0.00      0.00      0.00       634
          13       0.00      0.00      0.00      6224
          14       0.00      0.00      0.00       398
          15       0.00      0.00      0.00       663
          16       0.00      0.00      0.00       253
          17       0.00      0.00      0.00       288
          20       0.00      0.00      0.00      2871
          21       0.00      0.00      0.00       187
          22       0.00      0.00      0.00       103
          23       0.00      0.00      0.00       517
          24       0.00      0.00      0.00       253
          25       0.00      0.00      0.00       355
          26       0.00      0.00      0.00       567
          27       0.00      0.00      0.00       470
          28       0.13      1.00      0.22     13661
          29       0.00      0.00      0.00       542
          30       0.00      0.00      0.00       770
          31       0.00      0.00      0.00       210
          32       0.00      0.00      0.00       237
          33       0.00      0.00      0.00       894
          34       0.00      0.00      0.00      1052
          35       0.00      0.00      0.00      3535
          36       0.00      0.00      0.00      4789
          37       0.00      0.00      0.00      2155
          38       0.00      0.00      0.00      5557
          39       0.00      0.00      0.00       492
          40       0.00      0.00      0.00       141
          41       0.00      0.00      0.00         2
          42       0.00      0.00      0.00       311
          44       0.00      0.00      0.00       675
          45       0.00      0.00      0.00       629
          46       0.00      0.00      0.00       542
          47       0.00      0.00      0.00       451
          48       0.00      0.00      0.00      2819
          49       0.00      0.00      0.00      3583
          50       0.00      0.00      0.00      1904
          51       0.00      0.00      0.00      1405
          52       0.00      0.00      0.00       214
          53       0.00      0.00      0.00       617
          54       0.00      0.00      0.00       314
          55       0.00      0.00      0.00       672
          56       0.00      0.00      0.00       799
          57       0.00      0.00      0.00       305
          58       0.00      0.00      0.00      1552
          59       0.00      0.00      0.00      1578
          60       0.00      0.00      0.00      3256
          61       0.00      0.00      0.00      2805
          62       0.00      0.00      0.00      2029
          63       0.00      0.00      0.00      1961
          64       0.00      0.00      0.00       213
          65       0.00      0.00      0.00      1772
          67       0.00      0.00      0.00     11594
          70       0.00      0.00      0.00      1192
          72       0.00      0.00      0.00       458
          73       0.12      0.00      0.00     10052
          75       0.00      0.00      0.00       298
          76       0.00      0.00      0.00        56
          78       0.00      0.00      0.00       393
          79       0.00      0.00      0.00       533
          80       0.00      0.00      0.00      2009
          81       0.00      0.00      0.00        41
          82       0.00      0.00      0.00       477
          83       0.00      0.00      0.00        26
          87       0.00      0.00      0.00      1722
          99       0.00      0.00      0.00        12

    accuracy                           0.13    108105
   macro avg       0.00      0.01      0.00    108105
weighted avg       0.03      0.13      0.03    108105
